{
 "cells": [
  {
   "cell_type": "markdown",
   "metadata": {},
   "source": [
    "## Tratamento dos dados"
   ]
  },
  {
   "cell_type": "markdown",
   "metadata": {},
   "source": [
    "### Importando bibliotecas"
   ]
  },
  {
   "cell_type": "code",
   "execution_count": 21,
   "metadata": {},
   "outputs": [],
   "source": [
    "import numpy as np\n",
    "import pandas as pd\n",
    "import seaborn as sns\n",
    "from sklearn.metrics import pairwise_distances"
   ]
  },
  {
   "cell_type": "markdown",
   "metadata": {},
   "source": [
    "### Carregando o dataset"
   ]
  },
  {
   "cell_type": "code",
   "execution_count": 22,
   "metadata": {},
   "outputs": [
    {
     "data": {
      "text/html": [
       "<div>\n",
       "<style scoped>\n",
       "    .dataframe tbody tr th:only-of-type {\n",
       "        vertical-align: middle;\n",
       "    }\n",
       "\n",
       "    .dataframe tbody tr th {\n",
       "        vertical-align: top;\n",
       "    }\n",
       "\n",
       "    .dataframe thead th {\n",
       "        text-align: right;\n",
       "    }\n",
       "</style>\n",
       "<table border=\"1\" class=\"dataframe\">\n",
       "  <thead>\n",
       "    <tr style=\"text-align: right;\">\n",
       "      <th></th>\n",
       "      <th>sepal_length</th>\n",
       "      <th>sepal_width</th>\n",
       "      <th>petal_length</th>\n",
       "      <th>petal_width</th>\n",
       "      <th>species</th>\n",
       "    </tr>\n",
       "  </thead>\n",
       "  <tbody>\n",
       "    <tr>\n",
       "      <th>0</th>\n",
       "      <td>5.1</td>\n",
       "      <td>3.5</td>\n",
       "      <td>1.4</td>\n",
       "      <td>0.2</td>\n",
       "      <td>setosa</td>\n",
       "    </tr>\n",
       "    <tr>\n",
       "      <th>1</th>\n",
       "      <td>4.9</td>\n",
       "      <td>3.0</td>\n",
       "      <td>1.4</td>\n",
       "      <td>0.2</td>\n",
       "      <td>setosa</td>\n",
       "    </tr>\n",
       "    <tr>\n",
       "      <th>2</th>\n",
       "      <td>4.7</td>\n",
       "      <td>3.2</td>\n",
       "      <td>1.3</td>\n",
       "      <td>0.2</td>\n",
       "      <td>setosa</td>\n",
       "    </tr>\n",
       "    <tr>\n",
       "      <th>3</th>\n",
       "      <td>4.6</td>\n",
       "      <td>3.1</td>\n",
       "      <td>1.5</td>\n",
       "      <td>0.2</td>\n",
       "      <td>setosa</td>\n",
       "    </tr>\n",
       "    <tr>\n",
       "      <th>4</th>\n",
       "      <td>5.0</td>\n",
       "      <td>3.6</td>\n",
       "      <td>1.4</td>\n",
       "      <td>0.2</td>\n",
       "      <td>setosa</td>\n",
       "    </tr>\n",
       "  </tbody>\n",
       "</table>\n",
       "</div>"
      ],
      "text/plain": [
       "   sepal_length  sepal_width  petal_length  petal_width species\n",
       "0           5.1          3.5           1.4          0.2  setosa\n",
       "1           4.9          3.0           1.4          0.2  setosa\n",
       "2           4.7          3.2           1.3          0.2  setosa\n",
       "3           4.6          3.1           1.5          0.2  setosa\n",
       "4           5.0          3.6           1.4          0.2  setosa"
      ]
     },
     "execution_count": 22,
     "metadata": {},
     "output_type": "execute_result"
    }
   ],
   "source": [
    "df = sns.load_dataset('iris')\n",
    "df.head()"
   ]
  },
  {
   "cell_type": "markdown",
   "metadata": {},
   "source": [
    "### Verificando as classes"
   ]
  },
  {
   "cell_type": "code",
   "execution_count": 23,
   "metadata": {},
   "outputs": [
    {
     "data": {
      "text/plain": [
       "array(['setosa', 'versicolor', 'virginica'], dtype=object)"
      ]
     },
     "execution_count": 23,
     "metadata": {},
     "output_type": "execute_result"
    }
   ],
   "source": [
    "df[\"species\"].unique()"
   ]
  },
  {
   "cell_type": "markdown",
   "metadata": {},
   "source": [
    "### Verificando o nome exato das colunas"
   ]
  },
  {
   "cell_type": "code",
   "execution_count": 24,
   "metadata": {},
   "outputs": [
    {
     "data": {
      "text/plain": [
       "Index(['sepal_length', 'sepal_width', 'petal_length', 'petal_width',\n",
       "       'species'],\n",
       "      dtype='object')"
      ]
     },
     "execution_count": 24,
     "metadata": {},
     "output_type": "execute_result"
    }
   ],
   "source": [
    "df.columns"
   ]
  },
  {
   "cell_type": "markdown",
   "metadata": {},
   "source": [
    "### Transformando classes em números"
   ]
  },
  {
   "cell_type": "code",
   "execution_count": 25,
   "metadata": {},
   "outputs": [
    {
     "data": {
      "text/html": [
       "<div>\n",
       "<style scoped>\n",
       "    .dataframe tbody tr th:only-of-type {\n",
       "        vertical-align: middle;\n",
       "    }\n",
       "\n",
       "    .dataframe tbody tr th {\n",
       "        vertical-align: top;\n",
       "    }\n",
       "\n",
       "    .dataframe thead th {\n",
       "        text-align: right;\n",
       "    }\n",
       "</style>\n",
       "<table border=\"1\" class=\"dataframe\">\n",
       "  <thead>\n",
       "    <tr style=\"text-align: right;\">\n",
       "      <th></th>\n",
       "      <th>sepal_length</th>\n",
       "      <th>sepal_width</th>\n",
       "      <th>petal_length</th>\n",
       "      <th>petal_width</th>\n",
       "      <th>species</th>\n",
       "    </tr>\n",
       "  </thead>\n",
       "  <tbody>\n",
       "    <tr>\n",
       "      <th>0</th>\n",
       "      <td>5.1</td>\n",
       "      <td>3.5</td>\n",
       "      <td>1.4</td>\n",
       "      <td>0.2</td>\n",
       "      <td>0</td>\n",
       "    </tr>\n",
       "    <tr>\n",
       "      <th>1</th>\n",
       "      <td>4.9</td>\n",
       "      <td>3.0</td>\n",
       "      <td>1.4</td>\n",
       "      <td>0.2</td>\n",
       "      <td>0</td>\n",
       "    </tr>\n",
       "    <tr>\n",
       "      <th>2</th>\n",
       "      <td>4.7</td>\n",
       "      <td>3.2</td>\n",
       "      <td>1.3</td>\n",
       "      <td>0.2</td>\n",
       "      <td>0</td>\n",
       "    </tr>\n",
       "    <tr>\n",
       "      <th>3</th>\n",
       "      <td>4.6</td>\n",
       "      <td>3.1</td>\n",
       "      <td>1.5</td>\n",
       "      <td>0.2</td>\n",
       "      <td>0</td>\n",
       "    </tr>\n",
       "    <tr>\n",
       "      <th>4</th>\n",
       "      <td>5.0</td>\n",
       "      <td>3.6</td>\n",
       "      <td>1.4</td>\n",
       "      <td>0.2</td>\n",
       "      <td>0</td>\n",
       "    </tr>\n",
       "  </tbody>\n",
       "</table>\n",
       "</div>"
      ],
      "text/plain": [
       "   sepal_length  sepal_width  petal_length  petal_width  species\n",
       "0           5.1          3.5           1.4          0.2        0\n",
       "1           4.9          3.0           1.4          0.2        0\n",
       "2           4.7          3.2           1.3          0.2        0\n",
       "3           4.6          3.1           1.5          0.2        0\n",
       "4           5.0          3.6           1.4          0.2        0"
      ]
     },
     "execution_count": 25,
     "metadata": {},
     "output_type": "execute_result"
    }
   ],
   "source": [
    "df[\"species\"].replace({\"setosa\": 0, \"versicolor\": 1, \"virginica\": 2}, inplace=True)\n",
    "df.head()"
   ]
  },
  {
   "cell_type": "markdown",
   "metadata": {},
   "source": [
    "### Verificando a corretude das classes"
   ]
  },
  {
   "cell_type": "code",
   "execution_count": 26,
   "metadata": {},
   "outputs": [
    {
     "data": {
      "text/plain": [
       "array([0, 1, 2], dtype=int64)"
      ]
     },
     "execution_count": 26,
     "metadata": {},
     "output_type": "execute_result"
    }
   ],
   "source": [
    "df[\"species\"].unique()"
   ]
  },
  {
   "cell_type": "markdown",
   "metadata": {},
   "source": [
    "### Renomeando a coluna da classe"
   ]
  },
  {
   "cell_type": "code",
   "execution_count": 27,
   "metadata": {},
   "outputs": [
    {
     "data": {
      "text/html": [
       "<div>\n",
       "<style scoped>\n",
       "    .dataframe tbody tr th:only-of-type {\n",
       "        vertical-align: middle;\n",
       "    }\n",
       "\n",
       "    .dataframe tbody tr th {\n",
       "        vertical-align: top;\n",
       "    }\n",
       "\n",
       "    .dataframe thead th {\n",
       "        text-align: right;\n",
       "    }\n",
       "</style>\n",
       "<table border=\"1\" class=\"dataframe\">\n",
       "  <thead>\n",
       "    <tr style=\"text-align: right;\">\n",
       "      <th></th>\n",
       "      <th>SepalLengthCm</th>\n",
       "      <th>SepalWidthCm</th>\n",
       "      <th>PetalLengthCm</th>\n",
       "      <th>PetalWidthCm</th>\n",
       "      <th>Class</th>\n",
       "    </tr>\n",
       "  </thead>\n",
       "  <tbody>\n",
       "    <tr>\n",
       "      <th>0</th>\n",
       "      <td>5.1</td>\n",
       "      <td>3.5</td>\n",
       "      <td>1.4</td>\n",
       "      <td>0.2</td>\n",
       "      <td>0</td>\n",
       "    </tr>\n",
       "    <tr>\n",
       "      <th>1</th>\n",
       "      <td>4.9</td>\n",
       "      <td>3.0</td>\n",
       "      <td>1.4</td>\n",
       "      <td>0.2</td>\n",
       "      <td>0</td>\n",
       "    </tr>\n",
       "    <tr>\n",
       "      <th>2</th>\n",
       "      <td>4.7</td>\n",
       "      <td>3.2</td>\n",
       "      <td>1.3</td>\n",
       "      <td>0.2</td>\n",
       "      <td>0</td>\n",
       "    </tr>\n",
       "    <tr>\n",
       "      <th>3</th>\n",
       "      <td>4.6</td>\n",
       "      <td>3.1</td>\n",
       "      <td>1.5</td>\n",
       "      <td>0.2</td>\n",
       "      <td>0</td>\n",
       "    </tr>\n",
       "    <tr>\n",
       "      <th>4</th>\n",
       "      <td>5.0</td>\n",
       "      <td>3.6</td>\n",
       "      <td>1.4</td>\n",
       "      <td>0.2</td>\n",
       "      <td>0</td>\n",
       "    </tr>\n",
       "  </tbody>\n",
       "</table>\n",
       "</div>"
      ],
      "text/plain": [
       "   SepalLengthCm  SepalWidthCm  PetalLengthCm  PetalWidthCm  Class\n",
       "0            5.1           3.5            1.4           0.2      0\n",
       "1            4.9           3.0            1.4           0.2      0\n",
       "2            4.7           3.2            1.3           0.2      0\n",
       "3            4.6           3.1            1.5           0.2      0\n",
       "4            5.0           3.6            1.4           0.2      0"
      ]
     },
     "execution_count": 27,
     "metadata": {},
     "output_type": "execute_result"
    }
   ],
   "source": [
    "df.columns = [\"SepalLengthCm\", \"SepalWidthCm\", \"PetalLengthCm\", \"PetalWidthCm\", \"Class\"]\n",
    "df.head()"
   ]
  },
  {
   "cell_type": "markdown",
   "metadata": {},
   "source": [
    "### Armazenando as classes em uma variável separada"
   ]
  },
  {
   "cell_type": "code",
   "execution_count": 28,
   "metadata": {},
   "outputs": [
    {
     "data": {
      "text/plain": [
       "array([0, 0, 0, 0, 0, 0, 0, 0, 0, 0, 0, 0, 0, 0, 0, 0, 0, 0, 0, 0, 0, 0,\n",
       "       0, 0, 0, 0, 0, 0, 0, 0, 0, 0, 0, 0, 0, 0, 0, 0, 0, 0, 0, 0, 0, 0,\n",
       "       0, 0, 0, 0, 0, 0, 1, 1, 1, 1, 1, 1, 1, 1, 1, 1, 1, 1, 1, 1, 1, 1,\n",
       "       1, 1, 1, 1, 1, 1, 1, 1, 1, 1, 1, 1, 1, 1, 1, 1, 1, 1, 1, 1, 1, 1,\n",
       "       1, 1, 1, 1, 1, 1, 1, 1, 1, 1, 1, 1, 2, 2, 2, 2, 2, 2, 2, 2, 2, 2,\n",
       "       2, 2, 2, 2, 2, 2, 2, 2, 2, 2, 2, 2, 2, 2, 2, 2, 2, 2, 2, 2, 2, 2,\n",
       "       2, 2, 2, 2, 2, 2, 2, 2, 2, 2, 2, 2, 2, 2, 2, 2, 2, 2], dtype=int64)"
      ]
     },
     "execution_count": 28,
     "metadata": {},
     "output_type": "execute_result"
    }
   ],
   "source": [
    "labels = df[\"Class\"].values\n",
    "labels"
   ]
  },
  {
   "cell_type": "markdown",
   "metadata": {},
   "source": [
    "### Isolando os dados da classe"
   ]
  },
  {
   "cell_type": "code",
   "execution_count": 29,
   "metadata": {},
   "outputs": [
    {
     "data": {
      "text/html": [
       "<div>\n",
       "<style scoped>\n",
       "    .dataframe tbody tr th:only-of-type {\n",
       "        vertical-align: middle;\n",
       "    }\n",
       "\n",
       "    .dataframe tbody tr th {\n",
       "        vertical-align: top;\n",
       "    }\n",
       "\n",
       "    .dataframe thead th {\n",
       "        text-align: right;\n",
       "    }\n",
       "</style>\n",
       "<table border=\"1\" class=\"dataframe\">\n",
       "  <thead>\n",
       "    <tr style=\"text-align: right;\">\n",
       "      <th></th>\n",
       "      <th>SepalLengthCm</th>\n",
       "      <th>SepalWidthCm</th>\n",
       "      <th>PetalLengthCm</th>\n",
       "      <th>PetalWidthCm</th>\n",
       "    </tr>\n",
       "  </thead>\n",
       "  <tbody>\n",
       "    <tr>\n",
       "      <th>0</th>\n",
       "      <td>5.1</td>\n",
       "      <td>3.5</td>\n",
       "      <td>1.4</td>\n",
       "      <td>0.2</td>\n",
       "    </tr>\n",
       "    <tr>\n",
       "      <th>1</th>\n",
       "      <td>4.9</td>\n",
       "      <td>3.0</td>\n",
       "      <td>1.4</td>\n",
       "      <td>0.2</td>\n",
       "    </tr>\n",
       "    <tr>\n",
       "      <th>2</th>\n",
       "      <td>4.7</td>\n",
       "      <td>3.2</td>\n",
       "      <td>1.3</td>\n",
       "      <td>0.2</td>\n",
       "    </tr>\n",
       "    <tr>\n",
       "      <th>3</th>\n",
       "      <td>4.6</td>\n",
       "      <td>3.1</td>\n",
       "      <td>1.5</td>\n",
       "      <td>0.2</td>\n",
       "    </tr>\n",
       "    <tr>\n",
       "      <th>4</th>\n",
       "      <td>5.0</td>\n",
       "      <td>3.6</td>\n",
       "      <td>1.4</td>\n",
       "      <td>0.2</td>\n",
       "    </tr>\n",
       "  </tbody>\n",
       "</table>\n",
       "</div>"
      ],
      "text/plain": [
       "   SepalLengthCm  SepalWidthCm  PetalLengthCm  PetalWidthCm\n",
       "0            5.1           3.5            1.4           0.2\n",
       "1            4.9           3.0            1.4           0.2\n",
       "2            4.7           3.2            1.3           0.2\n",
       "3            4.6           3.1            1.5           0.2\n",
       "4            5.0           3.6            1.4           0.2"
      ]
     },
     "execution_count": 29,
     "metadata": {},
     "output_type": "execute_result"
    }
   ],
   "source": [
    "df.drop(\"Class\", axis=1, inplace=True)\n",
    "df.head()"
   ]
  },
  {
   "cell_type": "markdown",
   "metadata": {},
   "source": [
    "### Transformando os dados em uma array"
   ]
  },
  {
   "cell_type": "code",
   "execution_count": 30,
   "metadata": {},
   "outputs": [
    {
     "data": {
      "text/plain": [
       "array([[5.1, 3.5, 1.4, 0.2],\n",
       "       [4.9, 3. , 1.4, 0.2],\n",
       "       [4.7, 3.2, 1.3, 0.2],\n",
       "       [4.6, 3.1, 1.5, 0.2],\n",
       "       [5. , 3.6, 1.4, 0.2],\n",
       "       [5.4, 3.9, 1.7, 0.4],\n",
       "       [4.6, 3.4, 1.4, 0.3],\n",
       "       [5. , 3.4, 1.5, 0.2],\n",
       "       [4.4, 2.9, 1.4, 0.2],\n",
       "       [4.9, 3.1, 1.5, 0.1],\n",
       "       [5.4, 3.7, 1.5, 0.2],\n",
       "       [4.8, 3.4, 1.6, 0.2],\n",
       "       [4.8, 3. , 1.4, 0.1],\n",
       "       [4.3, 3. , 1.1, 0.1],\n",
       "       [5.8, 4. , 1.2, 0.2],\n",
       "       [5.7, 4.4, 1.5, 0.4],\n",
       "       [5.4, 3.9, 1.3, 0.4],\n",
       "       [5.1, 3.5, 1.4, 0.3],\n",
       "       [5.7, 3.8, 1.7, 0.3],\n",
       "       [5.1, 3.8, 1.5, 0.3],\n",
       "       [5.4, 3.4, 1.7, 0.2],\n",
       "       [5.1, 3.7, 1.5, 0.4],\n",
       "       [4.6, 3.6, 1. , 0.2],\n",
       "       [5.1, 3.3, 1.7, 0.5],\n",
       "       [4.8, 3.4, 1.9, 0.2],\n",
       "       [5. , 3. , 1.6, 0.2],\n",
       "       [5. , 3.4, 1.6, 0.4],\n",
       "       [5.2, 3.5, 1.5, 0.2],\n",
       "       [5.2, 3.4, 1.4, 0.2],\n",
       "       [4.7, 3.2, 1.6, 0.2],\n",
       "       [4.8, 3.1, 1.6, 0.2],\n",
       "       [5.4, 3.4, 1.5, 0.4],\n",
       "       [5.2, 4.1, 1.5, 0.1],\n",
       "       [5.5, 4.2, 1.4, 0.2],\n",
       "       [4.9, 3.1, 1.5, 0.2],\n",
       "       [5. , 3.2, 1.2, 0.2],\n",
       "       [5.5, 3.5, 1.3, 0.2],\n",
       "       [4.9, 3.6, 1.4, 0.1],\n",
       "       [4.4, 3. , 1.3, 0.2],\n",
       "       [5.1, 3.4, 1.5, 0.2],\n",
       "       [5. , 3.5, 1.3, 0.3],\n",
       "       [4.5, 2.3, 1.3, 0.3],\n",
       "       [4.4, 3.2, 1.3, 0.2],\n",
       "       [5. , 3.5, 1.6, 0.6],\n",
       "       [5.1, 3.8, 1.9, 0.4],\n",
       "       [4.8, 3. , 1.4, 0.3],\n",
       "       [5.1, 3.8, 1.6, 0.2],\n",
       "       [4.6, 3.2, 1.4, 0.2],\n",
       "       [5.3, 3.7, 1.5, 0.2],\n",
       "       [5. , 3.3, 1.4, 0.2],\n",
       "       [7. , 3.2, 4.7, 1.4],\n",
       "       [6.4, 3.2, 4.5, 1.5],\n",
       "       [6.9, 3.1, 4.9, 1.5],\n",
       "       [5.5, 2.3, 4. , 1.3],\n",
       "       [6.5, 2.8, 4.6, 1.5],\n",
       "       [5.7, 2.8, 4.5, 1.3],\n",
       "       [6.3, 3.3, 4.7, 1.6],\n",
       "       [4.9, 2.4, 3.3, 1. ],\n",
       "       [6.6, 2.9, 4.6, 1.3],\n",
       "       [5.2, 2.7, 3.9, 1.4],\n",
       "       [5. , 2. , 3.5, 1. ],\n",
       "       [5.9, 3. , 4.2, 1.5],\n",
       "       [6. , 2.2, 4. , 1. ],\n",
       "       [6.1, 2.9, 4.7, 1.4],\n",
       "       [5.6, 2.9, 3.6, 1.3],\n",
       "       [6.7, 3.1, 4.4, 1.4],\n",
       "       [5.6, 3. , 4.5, 1.5],\n",
       "       [5.8, 2.7, 4.1, 1. ],\n",
       "       [6.2, 2.2, 4.5, 1.5],\n",
       "       [5.6, 2.5, 3.9, 1.1],\n",
       "       [5.9, 3.2, 4.8, 1.8],\n",
       "       [6.1, 2.8, 4. , 1.3],\n",
       "       [6.3, 2.5, 4.9, 1.5],\n",
       "       [6.1, 2.8, 4.7, 1.2],\n",
       "       [6.4, 2.9, 4.3, 1.3],\n",
       "       [6.6, 3. , 4.4, 1.4],\n",
       "       [6.8, 2.8, 4.8, 1.4],\n",
       "       [6.7, 3. , 5. , 1.7],\n",
       "       [6. , 2.9, 4.5, 1.5],\n",
       "       [5.7, 2.6, 3.5, 1. ],\n",
       "       [5.5, 2.4, 3.8, 1.1],\n",
       "       [5.5, 2.4, 3.7, 1. ],\n",
       "       [5.8, 2.7, 3.9, 1.2],\n",
       "       [6. , 2.7, 5.1, 1.6],\n",
       "       [5.4, 3. , 4.5, 1.5],\n",
       "       [6. , 3.4, 4.5, 1.6],\n",
       "       [6.7, 3.1, 4.7, 1.5],\n",
       "       [6.3, 2.3, 4.4, 1.3],\n",
       "       [5.6, 3. , 4.1, 1.3],\n",
       "       [5.5, 2.5, 4. , 1.3],\n",
       "       [5.5, 2.6, 4.4, 1.2],\n",
       "       [6.1, 3. , 4.6, 1.4],\n",
       "       [5.8, 2.6, 4. , 1.2],\n",
       "       [5. , 2.3, 3.3, 1. ],\n",
       "       [5.6, 2.7, 4.2, 1.3],\n",
       "       [5.7, 3. , 4.2, 1.2],\n",
       "       [5.7, 2.9, 4.2, 1.3],\n",
       "       [6.2, 2.9, 4.3, 1.3],\n",
       "       [5.1, 2.5, 3. , 1.1],\n",
       "       [5.7, 2.8, 4.1, 1.3],\n",
       "       [6.3, 3.3, 6. , 2.5],\n",
       "       [5.8, 2.7, 5.1, 1.9],\n",
       "       [7.1, 3. , 5.9, 2.1],\n",
       "       [6.3, 2.9, 5.6, 1.8],\n",
       "       [6.5, 3. , 5.8, 2.2],\n",
       "       [7.6, 3. , 6.6, 2.1],\n",
       "       [4.9, 2.5, 4.5, 1.7],\n",
       "       [7.3, 2.9, 6.3, 1.8],\n",
       "       [6.7, 2.5, 5.8, 1.8],\n",
       "       [7.2, 3.6, 6.1, 2.5],\n",
       "       [6.5, 3.2, 5.1, 2. ],\n",
       "       [6.4, 2.7, 5.3, 1.9],\n",
       "       [6.8, 3. , 5.5, 2.1],\n",
       "       [5.7, 2.5, 5. , 2. ],\n",
       "       [5.8, 2.8, 5.1, 2.4],\n",
       "       [6.4, 3.2, 5.3, 2.3],\n",
       "       [6.5, 3. , 5.5, 1.8],\n",
       "       [7.7, 3.8, 6.7, 2.2],\n",
       "       [7.7, 2.6, 6.9, 2.3],\n",
       "       [6. , 2.2, 5. , 1.5],\n",
       "       [6.9, 3.2, 5.7, 2.3],\n",
       "       [5.6, 2.8, 4.9, 2. ],\n",
       "       [7.7, 2.8, 6.7, 2. ],\n",
       "       [6.3, 2.7, 4.9, 1.8],\n",
       "       [6.7, 3.3, 5.7, 2.1],\n",
       "       [7.2, 3.2, 6. , 1.8],\n",
       "       [6.2, 2.8, 4.8, 1.8],\n",
       "       [6.1, 3. , 4.9, 1.8],\n",
       "       [6.4, 2.8, 5.6, 2.1],\n",
       "       [7.2, 3. , 5.8, 1.6],\n",
       "       [7.4, 2.8, 6.1, 1.9],\n",
       "       [7.9, 3.8, 6.4, 2. ],\n",
       "       [6.4, 2.8, 5.6, 2.2],\n",
       "       [6.3, 2.8, 5.1, 1.5],\n",
       "       [6.1, 2.6, 5.6, 1.4],\n",
       "       [7.7, 3. , 6.1, 2.3],\n",
       "       [6.3, 3.4, 5.6, 2.4],\n",
       "       [6.4, 3.1, 5.5, 1.8],\n",
       "       [6. , 3. , 4.8, 1.8],\n",
       "       [6.9, 3.1, 5.4, 2.1],\n",
       "       [6.7, 3.1, 5.6, 2.4],\n",
       "       [6.9, 3.1, 5.1, 2.3],\n",
       "       [5.8, 2.7, 5.1, 1.9],\n",
       "       [6.8, 3.2, 5.9, 2.3],\n",
       "       [6.7, 3.3, 5.7, 2.5],\n",
       "       [6.7, 3. , 5.2, 2.3],\n",
       "       [6.3, 2.5, 5. , 1.9],\n",
       "       [6.5, 3. , 5.2, 2. ],\n",
       "       [6.2, 3.4, 5.4, 2.3],\n",
       "       [5.9, 3. , 5.1, 1.8]])"
      ]
     },
     "execution_count": 30,
     "metadata": {},
     "output_type": "execute_result"
    }
   ],
   "source": [
    "data = df.to_numpy()\n",
    "data"
   ]
  },
  {
   "cell_type": "markdown",
   "metadata": {},
   "source": [
    "### Fuzzyficando o dataset"
   ]
  },
  {
   "cell_type": "code",
   "execution_count": 31,
   "metadata": {},
   "outputs": [
    {
     "data": {
      "text/plain": [
       "array([[9.95674819e-01, 3.05734336e-03, 1.26783721e-03],\n",
       "       [9.74613903e-01, 1.80856188e-02, 7.30047867e-03],\n",
       "       [9.78006777e-01, 1.55239171e-02, 6.46930553e-03],\n",
       "       [9.65379750e-01, 2.47533269e-02, 9.86692304e-03],\n",
       "       [9.92982944e-01, 4.95006452e-03, 2.06699197e-03],\n",
       "       [9.22083222e-01, 5.54381324e-02, 2.24786457e-02],\n",
       "       [9.75932188e-01, 1.70551256e-02, 7.01268638e-03],\n",
       "       [1.00000000e+00, 2.40308014e-17, 9.64991764e-18],\n",
       "       [9.24726114e-01, 5.33826993e-02, 2.18911871e-02],\n",
       "       [9.83916157e-01, 1.15016766e-02, 4.58216669e-03],\n",
       "       [9.63003042e-01, 2.60835060e-02, 1.09134524e-02],\n",
       "       [9.92346130e-01, 5.49471833e-03, 2.15915172e-03],\n",
       "       [9.70261890e-01, 2.11344174e-02, 8.60369270e-03],\n",
       "       [9.16864774e-01, 5.77441716e-02, 2.53910542e-02],\n",
       "       [8.76738236e-01, 8.36084582e-02, 3.96533061e-02],\n",
       "       [8.21569561e-01, 1.21449413e-01, 5.69810258e-02],\n",
       "       [9.35841762e-01, 4.44774455e-02, 1.96807924e-02],\n",
       "       [9.94125729e-01, 4.15952188e-03, 1.71474899e-03],\n",
       "       [8.90717092e-01, 7.73575639e-02, 3.19253438e-02],\n",
       "       [9.73773720e-01, 1.85284640e-02, 7.69781597e-03],\n",
       "       [9.65664130e-01, 2.47606187e-02, 9.57525166e-03],\n",
       "       [9.78788575e-01, 1.50582858e-02, 6.15313878e-03],\n",
       "       [9.52647934e-01, 3.26001194e-02, 1.47519467e-02],\n",
       "       [9.72998870e-01, 1.96963334e-02, 7.30479632e-03],\n",
       "       [9.65155121e-01, 2.55332043e-02, 9.31167507e-03],\n",
       "       [9.72973620e-01, 1.95283962e-02, 7.49798348e-03],\n",
       "       [9.91726592e-01, 5.96706734e-03, 2.30634091e-03],\n",
       "       [9.92340495e-01, 5.44643521e-03, 2.21306979e-03],\n",
       "       [9.92657942e-01, 5.19716200e-03, 2.14489616e-03],\n",
       "       [9.78982356e-01, 1.51277627e-02, 5.88988096e-03],\n",
       "       [9.78468509e-01, 1.55312462e-02, 6.00024491e-03],\n",
       "       [9.67851872e-01, 2.29348785e-02, 9.21324961e-03],\n",
       "       [9.30629805e-01, 4.82284160e-02, 2.11417793e-02],\n",
       "       [8.91500390e-01, 7.44295316e-02, 3.40700786e-02],\n",
       "       [9.85029498e-01, 1.07301688e-02, 4.24033361e-03],\n",
       "       [9.83119508e-01, 1.18448133e-02, 5.03567912e-03],\n",
       "       [9.58886099e-01, 2.87091646e-02, 1.24047361e-02],\n",
       "       [9.90541162e-01, 6.66069945e-03, 2.79813887e-03],\n",
       "       [9.34402142e-01, 4.62248409e-02, 1.93730174e-02],\n",
       "       [9.98463364e-01, 1.09600808e-03, 4.40628139e-04],\n",
       "       [9.91758490e-01, 5.79975725e-03, 2.44175254e-03],\n",
       "       [8.39390713e-01, 1.13066902e-01, 4.75423847e-02],\n",
       "       [9.47990704e-01, 3.65891149e-02, 1.54201815e-02],\n",
       "       [9.70107018e-01, 2.15579337e-02, 8.33504836e-03],\n",
       "       [9.34591726e-01, 4.75651910e-02, 1.78430825e-02],\n",
       "       [9.69065551e-01, 2.20698159e-02, 8.86463290e-03],\n",
       "       [9.73001783e-01, 1.91619607e-02, 7.83625597e-03],\n",
       "       [9.72204432e-01, 1.97258870e-02, 8.06968106e-03],\n",
       "       [9.73322657e-01, 1.88385030e-02, 7.83884019e-03],\n",
       "       [9.97104448e-01, 2.05588546e-03, 8.39666903e-04],\n",
       "       [4.60880086e-02, 3.55148772e-01, 5.98763219e-01],\n",
       "       [3.70262654e-02, 6.61779307e-01, 3.01194428e-01],\n",
       "       [3.09231412e-02, 2.60769773e-01, 7.08307086e-01],\n",
       "       [4.34176722e-02, 8.80194628e-01, 7.63876995e-02],\n",
       "       [3.56319430e-02, 5.83106267e-01, 3.81261790e-01],\n",
       "       [8.66348506e-03, 9.58181448e-01, 3.31550674e-02],\n",
       "       [3.51325858e-02, 5.67840631e-01, 3.97026783e-01],\n",
       "       [2.36974264e-01, 6.47376620e-01, 1.15649117e-01],\n",
       "       [4.14280874e-02, 5.82128692e-01, 3.76443221e-01],\n",
       "       [4.50924669e-02, 8.93755819e-01, 6.11517139e-02],\n",
       "       [1.91973548e-01, 6.73949689e-01, 1.34076763e-01],\n",
       "       [8.69303848e-03, 9.61063698e-01, 3.02432632e-02],\n",
       "       [6.20763310e-02, 8.15735448e-01, 1.22188221e-01],\n",
       "       [2.47849509e-02, 7.75414893e-01, 1.99800156e-01],\n",
       "       [5.28239128e-02, 8.89440477e-01, 5.77356099e-02],\n",
       "       [4.94316729e-02, 5.81842535e-01, 3.68725792e-01],\n",
       "       [1.25412443e-02, 9.37248988e-01, 5.02097672e-02],\n",
       "       [1.67031312e-02, 9.49851397e-01, 3.34454717e-02],\n",
       "       [4.47473319e-02, 6.97955510e-01, 2.57297158e-01],\n",
       "       [3.53678254e-02, 9.12489895e-01, 5.21422797e-02],\n",
       "       [3.29768271e-02, 6.37254902e-01, 3.29768271e-01],\n",
       "       [2.14406620e-02, 9.21948467e-01, 5.66108708e-02],\n",
       "       [3.45903034e-02, 5.18854551e-01, 4.46555146e-01],\n",
       "       [2.68381484e-02, 7.99527164e-01, 1.73634687e-01],\n",
       "       [3.50576504e-02, 7.89498286e-01, 1.75444064e-01],\n",
       "       [4.41064639e-02, 6.37262357e-01, 3.18631179e-01],\n",
       "       [3.75424488e-02, 3.76132836e-01, 5.86324715e-01],\n",
       "       [1.90542075e-02, 1.84752122e-01, 7.96193670e-01],\n",
       "       [1.63363923e-02, 8.86620561e-01, 9.70430465e-02],\n",
       "       [9.53394275e-02, 8.21057458e-01, 8.36031150e-02],\n",
       "       [5.80134779e-02, 8.70202168e-01, 7.17843539e-02],\n",
       "       [7.86291832e-02, 8.39959370e-01, 8.14114466e-02],\n",
       "       [1.80606286e-02, 9.49989066e-01, 3.19503049e-02],\n",
       "       [3.19215744e-02, 5.08575763e-01, 4.59502663e-01],\n",
       "       [1.91622897e-02, 9.17290478e-01, 6.35472319e-02],\n",
       "       [3.35186396e-02, 7.70928712e-01, 1.95552649e-01],\n",
       "       [3.72742485e-02, 4.17863943e-01, 5.44861808e-01],\n",
       "       [4.48276490e-02, 7.38476534e-01, 2.16695817e-01],\n",
       "       [3.49526323e-03, 9.89159493e-01, 7.34524376e-03],\n",
       "       [2.61342424e-02, 9.27765603e-01, 4.61001542e-02],\n",
       "       [1.64247517e-02, 9.39860793e-01, 4.37144555e-02],\n",
       "       [2.24881019e-02, 8.21477135e-01, 1.56034763e-01],\n",
       "       [1.66978377e-02, 9.49550372e-01, 3.37517905e-02],\n",
       "       [2.25783514e-01, 6.56707479e-01, 1.17509007e-01],\n",
       "       [5.25148633e-03, 9.82027944e-01, 1.27205692e-02],\n",
       "       [2.22020084e-03, 9.92429773e-01, 5.35002573e-03],\n",
       "       [1.53797129e-15, 1.00000000e+00, 4.00305767e-15],\n",
       "       [2.14172360e-02, 8.84696595e-01, 9.38861692e-02],\n",
       "       [3.01801514e-01, 5.85494937e-01, 1.12703549e-01],\n",
       "       [2.25077754e-03, 9.92592896e-01, 5.15632673e-03],\n",
       "       [2.34970900e-02, 1.23088602e-01, 8.53414308e-01],\n",
       "       [3.56114913e-02, 4.95641903e-01, 4.68746606e-01],\n",
       "       [8.60827647e-03, 4.31039880e-02, 9.48287736e-01],\n",
       "       [1.46014661e-02, 1.21072857e-01, 8.64325676e-01],\n",
       "       [7.23344774e-03, 4.48041912e-02, 9.47962361e-01],\n",
       "       [4.09868688e-02, 1.49467084e-01, 8.09546047e-01],\n",
       "       [6.71158031e-02, 7.71512136e-01, 1.61372060e-01],\n",
       "       [2.71978850e-02, 1.17305005e-01, 8.55497110e-01],\n",
       "       [1.57519368e-02, 9.82016208e-02, 8.86046442e-01],\n",
       "       [2.84520739e-02, 1.14429201e-01, 8.57118725e-01],\n",
       "       [1.39388932e-02, 1.26960658e-01, 8.59100449e-01],\n",
       "       [1.42129356e-02, 1.33872317e-01, 8.51914747e-01],\n",
       "       [9.64991764e-18, 6.25477760e-17, 1.00000000e+00],\n",
       "       [4.20572174e-02, 5.47395876e-01, 4.10546907e-01],\n",
       "       [4.03399371e-02, 3.71760205e-01, 5.87899858e-01],\n",
       "       [1.20572860e-02, 9.01055244e-02, 8.97837190e-01],\n",
       "       [7.96200372e-03, 6.44645629e-02, 9.27573433e-01],\n",
       "       [5.70937817e-02, 1.85133922e-01, 7.57772296e-01],\n",
       "       [5.45695299e-02, 1.82926938e-01, 7.62503532e-01],\n",
       "       [4.41176471e-02, 5.73529412e-01, 3.82352941e-01],\n",
       "       [4.90030629e-03, 2.63468351e-02, 9.68752859e-01],\n",
       "       [4.01458270e-02, 6.23063235e-01, 3.36790938e-01],\n",
       "       [4.75744716e-02, 1.67860438e-01, 7.84565090e-01],\n",
       "       [2.78309991e-02, 3.97934461e-01, 5.74234539e-01],\n",
       "       [5.57218037e-03, 3.32267052e-02, 9.61201114e-01],\n",
       "       [1.75354460e-02, 8.32858492e-02, 8.99178705e-01],\n",
       "       [2.93341499e-02, 5.14190558e-01, 4.56475292e-01],\n",
       "       [2.89849179e-02, 4.93380636e-01, 4.77634446e-01],\n",
       "       [8.57477042e-03, 6.29000901e-02, 9.28525139e-01],\n",
       "       [1.75182586e-02, 9.08023791e-02, 8.91679362e-01],\n",
       "       [2.31996721e-02, 1.01882694e-01, 8.74917634e-01],\n",
       "       [5.65674037e-02, 1.84539563e-01, 7.58893034e-01],\n",
       "       [8.83316082e-03, 6.24804311e-02, 9.28686408e-01],\n",
       "       [2.83239513e-02, 3.87713103e-01, 5.83962946e-01],\n",
       "       [3.63209560e-02, 3.28851899e-01, 6.34827145e-01],\n",
       "       [3.11333641e-02, 1.19260288e-01, 8.49606348e-01],\n",
       "       [1.88895552e-02, 1.16635507e-01, 8.64474937e-01],\n",
       "       [1.12849800e-02, 9.41633352e-02, 8.94551685e-01],\n",
       "       [2.98037057e-02, 6.13284704e-01, 3.56911590e-01],\n",
       "       [1.31927425e-03, 8.34552139e-03, 9.90335204e-01],\n",
       "       [4.71474927e-03, 2.75829631e-02, 9.67702288e-01],\n",
       "       [9.69208417e-03, 6.20705816e-02, 9.28237334e-01],\n",
       "       [3.56114913e-02, 4.95641903e-01, 4.68746606e-01],\n",
       "       [8.40899471e-03, 4.38272268e-02, 9.47763779e-01],\n",
       "       [1.08194929e-02, 5.76221655e-02, 9.31558342e-01],\n",
       "       [6.28543387e-03, 4.41650918e-02, 9.49549474e-01],\n",
       "       [2.86250989e-02, 3.32201806e-01, 6.39173095e-01],\n",
       "       [8.94239566e-03, 8.08158561e-02, 9.10241748e-01],\n",
       "       [2.21677223e-02, 1.58793276e-01, 8.19039002e-01],\n",
       "       [3.18345017e-02, 4.72928769e-01, 4.95236730e-01]])"
      ]
     },
     "execution_count": 31,
     "metadata": {},
     "output_type": "execute_result"
    }
   ],
   "source": [
    "def crisp_to_fuzzy(dados, y, n_clusters, m=2):\n",
    "    # Passo 1: Calcular os medoides reais (medoide por classe)\n",
    "    medoids = np.array([dados[y == c][np.argmin(np.sum(pairwise_distances(dados[y == c]), axis=1))] for c in range(n_clusters)])\n",
    "    \n",
    "    # Passo 2: Calcular as distâncias das amostras aos medoides\n",
    "    distancias = pairwise_distances(dados, medoids, metric='euclidean') ** 2\n",
    "    distancias = np.fmax(distancias, np.finfo(np.float64).eps)  # Evitar divisões por zero\n",
    "    \n",
    "    # Passo 3: Calcular os graus de pertinência\n",
    "    distancias_inversa = 1 / distancias\n",
    "    potencia = 1 / (m-1)\n",
    "    matriz_pertinencia = distancias_inversa ** potencia / np.sum(distancias_inversa ** potencia, axis=1, keepdims=True)\n",
    "    \n",
    "    return matriz_pertinencia\n",
    "\n",
    "labels = crisp_to_fuzzy(data, labels, 3)\n",
    "labels"
   ]
  },
  {
   "cell_type": "markdown",
   "metadata": {},
   "source": [
    "## Clustering"
   ]
  },
  {
   "cell_type": "markdown",
   "metadata": {},
   "source": [
    "### Inicialização da matriz de pertinência"
   ]
  },
  {
   "cell_type": "markdown",
   "metadata": {},
   "source": [
    "A matriz de pertinência é inicializada aleatoriamente $u_{ik}(i=1,...c$ e $k=1,...,n)$ do objeto $k$ pertencente ao grupo $C_i$ tal que:\n",
    "- $u_{ik} \\in [0,1]$;\n",
    "- $0 < \\sum_{k=1}^nu_{ik} < n$;\n",
    "- $\\sum_{i=1}^cu_{ik}=1$ para todo $k \\in \\Omega$."
   ]
  },
  {
   "cell_type": "code",
   "execution_count": 32,
   "metadata": {},
   "outputs": [],
   "source": [
    "def init_membership_matrix(n, k):\n",
    "    membership_matrix = np.random.rand(n, k) # gera uma matriz inicial aleatória com valores entre 0 e 1\n",
    "    membership_matrix = membership_matrix / membership_matrix.sum(axis=1, keepdims=True) # normalização da matriz pra garantir que a soma dos graus dê um\n",
    "    return membership_matrix"
   ]
  },
  {
   "cell_type": "markdown",
   "metadata": {},
   "source": [
    "### Inicialização dos medoides"
   ]
  },
  {
   "cell_type": "markdown",
   "metadata": {},
   "source": [
    "#### 1. Primeiro Medoide\n",
    "Selecione o primeiro medoide $m_1$ como o ponto com a menor distância total para todos os outros pontos no conjunto de dados $X$, com $n$ amostras:\n",
    "\n",
    "\n",
    "$m_1 = \\arg \\min_i \\left( \\sum_{j=1}^{n} d(x_i, x_j) \\right)$\n",
    "\n",
    "\n",
    "onde $d(x_i, x_j)$ representa a dissimilaridade entre os pontos $x_i$ e $x_j$.\n",
    "\n",
    "#### 2. Próximos Medoides\n",
    "Para cada próximo medoide $m_k$, com $k = 2, \\dots, c$, encontre o ponto $x$ que maximize a menor distância em relação aos medoides já selecionados. Para cada ponto candidato $x$ (ainda não selecionado como medoide), calcule:\n",
    "\n",
    "\n",
    "$\\text{dist\\_mínima}(x) = \\min_{m_j \\in \\{m_1, \\dots, m_{k-1}\\}} d(x, m_j)$\n",
    "\n",
    "\n",
    "Então, selecione o ponto $x$ com a maior distância mínima como o próximo medoide:\n",
    "\n",
    "\n",
    "$m_k = \\arg \\max_{x \\in X \\setminus \\{m_1, \\dots, m_{k-1}\\}} \\left( \\min_{m_j \\in \\{m_1, \\dots, m_{k-1}\\}} d(x, m_j) \\right)$"
   ]
  },
  {
   "cell_type": "code",
   "execution_count": 33,
   "metadata": {},
   "outputs": [],
   "source": [
    "def init_medoids(X, c):\n",
    "    total_distances = np.sum(pairwise_distances(X), axis=1) # distância somada de cada ponto para os outros\n",
    "    \n",
    "    first_medoid_idx = np.argmin(total_distances) # ponto com menor distância total\n",
    "    medoids_indices = [first_medoid_idx]  # lista para os índices dos medoides\n",
    "    medoids = [X[first_medoid_idx]]  # lista para os medoides\n",
    "\n",
    "    for _ in range(1, c): # (1, c) pois já temos um medoide\n",
    "        max_min_dist = -np.inf # armazena a maior entre as menores distâncias\n",
    "        next_medoid_idx = -1 # armazena o índice do candidato a medoide\n",
    "\n",
    "        for i in range(len(X)):\n",
    "            if i in medoids_indices: # ignora os pontos que já são medoides\n",
    "                continue \n",
    "\n",
    "            # primeiro ele calcula a distância do ponto para cada um dos medoides\n",
    "            # depois ele seleciona a menor dessas distâncias\n",
    "            min_dist = np.min([pairwise_distances(X[i].reshape(1, -1), np.array([medoid])).flatten()[0] for medoid in medoids])\n",
    "\n",
    "            if min_dist > max_min_dist: # a maior distância entre as menores\n",
    "                max_min_dist = min_dist\n",
    "                next_medoid_idx = i\n",
    "\n",
    "        # adiciona o ponto escolhido como medoide\n",
    "        medoids_indices.append(next_medoid_idx)\n",
    "        medoids.append(X[next_medoid_idx])\n",
    "\n",
    "    return np.array(medoids)"
   ]
  },
  {
   "cell_type": "markdown",
   "metadata": {},
   "source": [
    "### Atualização da matriz de pertinência"
   ]
  },
  {
   "cell_type": "markdown",
   "metadata": {},
   "source": [
    "Fixo o protótipo, os graus de pertinência são atualizados com base nessa equação:\n",
    "\n",
    "#### $u_{ik} = [\\sum_{l=1}^c(\\frac{d(x_k,v_i)}{d(x_k,v_l)})^{\\frac{1}{m-1}}]^{-1}$"
   ]
  },
  {
   "cell_type": "code",
   "execution_count": 34,
   "metadata": {},
   "outputs": [],
   "source": [
    "def update_membership_matrix(data, medoids, m):\n",
    "    distance_matrix = pairwise_distances(data, medoids, metric='euclidean') ** 2\n",
    "    distance_matrix = np.fmax(distance_matrix, np.finfo(np.float64).eps)  # evita que matriz_distancias seja 0, np.finfo... é o menor número maior que zero aqui\n",
    "    \n",
    "    inverse_distance_matrix = 1 / distance_matrix\n",
    "    power = 1 / (m - 1)\n",
    "    updated_membership_matrix = (inverse_distance_matrix ** power) / np.sum(inverse_distance_matrix ** power, axis=1, keepdims=True) # fórmula para atualizar os graus de pertinência\n",
    "    \n",
    "    return updated_membership_matrix"
   ]
  },
  {
   "cell_type": "markdown",
   "metadata": {},
   "source": [
    "### Atualização dos medoides"
   ]
  },
  {
   "cell_type": "markdown",
   "metadata": {},
   "source": [
    "Fixo os graus de pertinência, os centroides são atualizados com base nessa equação:\n",
    "\n",
    "#### $q = \\arg \\min_{1 \\leq j \\leq n} \\sum_{k=1}^{n} \\left( u_{ik} \\right)^m \\cdot d(x_j, x_k)$\n",
    "\n",
    "Essa fórmula busca, para cada medoide $m_i$, o ponto $p \\in C_i$ que minimiza a soma das distâncias dentro do cluster, garantindo que o novo medoide minimize o custo de distância."
   ]
  },
  {
   "cell_type": "code",
   "execution_count": 35,
   "metadata": {},
   "outputs": [],
   "source": [
    "def update_medoids(X, medoids, membership_matrix, m=2):\n",
    "    n, c = X.shape[0], len(medoids)\n",
    "    updated_medoids = np.copy(medoids)  # cópia dos medoides \n",
    "    chosen_medoids_indices = []  # armazena os índices dos novos medoides\n",
    "    distances = pairwise_distances(X, X)  # matriz de distância entre os pontos\n",
    "\n",
    "    for i in range(c): \n",
    "        initial_medoid_idx = np.where((X == medoids[i]).all(axis=1))[0][0]  # índice do medoide atual\n",
    "        min_weighted_distance = np.sum([(membership_matrix[k, i] ** m) * distances[k, initial_medoid_idx] for k in range(n)]) # distância ponderada do medoide atual\n",
    "        best_medoid = medoids[i] # melhor candidato a medoide\n",
    "        best_medoid_idx = initial_medoid_idx # índice do melhor candidato a medoide\n",
    "\n",
    "        for j in range(n):\n",
    "            if j in chosen_medoids_indices:  # ignorar pontos que já são medoides\n",
    "                continue\n",
    "            \n",
